0.991 0.682 0.403 0.003   -1.0*
0.063 0.349 0.654 0.273   -1.0
0.036 0.412 0.920 0.415   -1.0
0.318 0.895 0.810 0.255   1.0
0.331 0.264 0.310 0.933   -1.0
0.667 0.429 0.257 0.385   -1.0
0.722 0.229 0.075 0.447   -1.0
0.046 0.824 0.151 0.435   -1.0
0.507 0.591 0.385 0.687   1.0
0.912 0.726 0.824 0.666   -1.0*
0.403 0.130 0.174 0.842   -1.0
0.624 0.674 0.607 0.792   1.0
0.867 0.657 0.030 0.396   -1.0
0.580 0.253 0.726 0.267   1.0
0.893 0.781 0.406 0.966   1.0
0.711 0.689 0.267 0.103   -1.0
0.680 0.977 0.220 0.077   -1.0
0.235 0.444 0.797 0.787   1.0
0.753 0.447 0.609 0.910   1.0
0.430 0.801 0.940 0.611   1.0
0.817 0.181 0.847 0.215   1.0
0.742 0.707 0.300 0.476   1.0
0.462 0.131 0.979 0.972   1.0
0.947 0.004 0.667 0.634   -1.0*
0.438 0.572 0.160 0.088   -1.0
0.421 0.094 0.541 0.526   -1.0
0.222 0.757 0.645 0.571   1.0
0.011 0.862 0.819 0.376   1.0
0.591 0.947 0.437 0.354   1.0
0.606 0.749 0.155 0.332   -1.0
0.583 0.935 0.490 0.396   1.0
0.482 0.056 0.075 0.116   -1.0
0.141 0.443 0.566 0.942   1.0
0.894 0.281 0.604 0.142   -1.0
0.524 0.343 0.150 0.047   -1.0
0.371 0.380 0.068 0.423   -1.0
0.923 0.702 0.683 0.773   -1.0*
0.866 0.735 0.898 0.991   1.0
0.153 0.241 0.578 0.963   -1.0
0.433 0.092 0.953 0.541   1.0
0.532 0.128 0.515 0.334   -1.0
0.558 0.297 0.096 0.345   -1.0
0.688 0.167 0.088 0.908   -1.0
0.841 0.021 0.710 0.629   1.0
0.649 0.525 0.603 0.657   1.0
0.465 0.408 0.600 0.334   -1.0
0.863 0.338 0.285 0.817   1.0
0.965 0.343 0.444 0.980   1.0
0.323 0.889 0.041 0.711   -1.0
0.361 0.427 0.779 0.005   -1.0
0.424 0.779 0.786 0.253   1.0
0.803 0.427 0.466 0.899   1.0
0.096 0.642 0.901 0.758   1.0
0.718 0.511 0.959 0.489   1.0
0.873 0.730 0.136 0.282   1.0
0.076 0.663 0.442 0.384   -1.0
0.399 0.088 0.998 0.687   1.0
0.989 0.868 0.296 0.484   1.0
0.108 0.347 0.830 0.033   -1.0
0.536 0.670 0.386 0.275   -1.0
0.103 0.366 0.141 0.872   -1.0
0.570 0.025 0.585 0.975   1.0
0.118 0.233 0.844 0.733   -1.0
0.505 0.801 0.778 0.012   1.0
0.652 0.692 0.548 0.576   1.0
0.680 0.287 0.513 0.587   1.0
0.398 0.827 0.582 0.489   1.0
0.188 0.339 0.599 0.680   -1.0
0.667 0.163 0.550 0.434   -1.0
0.975 0.030 0.409 0.473   -1.0
0.226 0.195 0.646 0.606   -1.0
0.773 0.299 0.541 0.478   1.0
0.439 0.904 0.276 0.051   1.0
0.164 0.990 0.997 0.156   1.0
0.471 0.237 0.330 0.719   -1.0
0.877 0.243 0.200 0.279   -1.0
0.211 0.848 0.441 0.240   -1.0
0.399 0.199 0.217 0.219   -1.0
0.075 0.849 0.258 0.523   -1.0
0.338 0.004 0.515 0.431   -1.0
0.660 0.916 0.924 0.933   1.0
0.736 0.729 0.609 0.263   1.0
0.885 0.076 0.051 0.373   -1.0
0.910 0.743 0.244 0.465   -1.0*
0.478 0.896 0.266 0.299   -1.0
0.446 0.904 0.315 0.022   -1.0
0.966 0.781 0.456 0.550   -1.0*
0.880 0.220 0.750 0.851   -1.0*
0.469 0.785 0.761 0.097   1.0
0.440 0.122 0.228 0.054   -1.0
0.071 0.856 0.810 0.463   1.0
0.134 0.713 0.884 0.476   1.0
0.053 0.887 0.291 0.800   1.0
0.617 0.961 0.308 0.912   1.0
0.423 0.528 0.284 0.571   -1.0
0.716 0.472 0.250 0.980   1.0
0.604 0.441 0.563 0.511   1.0
0.390 0.710 0.603 0.198   -1.0
0.443 0.760 0.777 0.309   1.0
0.404 0.118 0.619 0.631   -1.0
0.505 0.069 0.897 0.215   -1.0
0.187 0.990 0.014 0.408   -1.0
0.621 0.305 0.890 0.795   1.0
0.331 0.903 0.791 0.869   1.0
0.346 0.814 0.233 0.391   -1.0
0.208 0.624 0.318 0.974   1.0
0.137 0.430 0.874 0.604   1.0
0.187 0.223 0.673 0.196   -1.0
0.158 0.054 0.505 0.516   -1.0
0.206 0.401 0.498 0.411   -1.0
0.436 0.847 0.973 0.385   1.0
0.037 0.296 0.862 0.555   -1.0
0.098 0.086 0.037 0.491   -1.0
0.594 0.897 0.896 0.974   1.0
0.375 0.878 0.042 0.607   -1.0
0.277 0.423 0.504 0.867   -1.0*
0.485 0.631 0.129 0.528   -1.0
0.634 0.013 0.234 0.728   -1.0
0.121 0.386 0.877 0.210   -1.0
0.764 0.712 0.731 0.862   1.0
0.595 0.075 0.468 0.513   -1.0
0.015 0.380 0.019 0.440   -1.0
0.451 0.515 0.138 0.455   -1.0
0.652 0.703 0.428 0.888   1.0
0.126 0.706 0.548 0.398   -1.0
0.587 0.288 0.385 0.209   -1.0
0.605 0.746 0.289 0.727   1.0
0.964 0.767 0.638 0.825   1.0
0.733 0.734 0.730 0.637   1.0
0.524 0.299 0.875 0.216   -1.0
0.350 0.321 0.451 0.610   1.0
0.436 0.718 0.372 0.788   1.0
0.537 0.374 0.112 0.196   -1.0
0.723 0.195 0.220 0.525   -1.0
0.421 0.565 0.575 0.980   1.0
0.650 0.519 0.109 0.746   1.0
0.029 0.782 0.859 0.187   -1.0
0.696 0.426 0.632 0.332   1.0
0.980 0.121 0.850 0.422   1.0
0.007 0.501 0.760 0.744   1.0
0.254 0.106 0.161 0.634   -1.0
0.743 0.699 0.644 0.557   1.0
0.257 0.648 0.738 0.735   1.0
0.554 0.996 0.398 0.861   1.0
0.702 0.457 0.454 0.415   -1.0*
0.700 0.884 0.036 0.211   -1.0
0.036 0.001 0.553 0.821   -1.0
0.211 0.795 0.509 0.569   1.0
0.793 0.065 0.082 0.915   -1.0
0.020 0.874 0.862 0.417   1.0
0.127 0.432 0.995 0.728   1.0
0.413 0.332 0.058 0.650   -1.0
0.379 0.398 0.045 0.407   -1.0
0.489 0.571 0.132 0.504   -1.0
0.493 0.839 0.521 0.134   -1.0
0.716 0.007 0.161 0.326   -1.0
0.163 0.550 0.983 0.707   1.0
0.350 0.642 0.158 0.092   -1.0
0.181 0.591 0.991 0.049   -1.0
0.381 0.543 0.622 0.758   1.0
0.429 0.644 0.078 0.124   -1.0
0.114 0.210 0.113 0.541   -1.0
0.716 0.969 0.475 0.025   1.0
0.481 0.796 0.138 0.566   -1.0
0.017 0.562 0.991 0.240   -1.0
0.839 0.134 0.815 0.715   1.0
0.120 0.751 0.626 0.642   1.0
0.558 0.918 0.432 0.544   1.0
0.918 0.766 0.532 0.557   1.0
0.168 0.026 0.292 0.418   -1.0
0.197 0.964 0.544 0.564   1.0
0.355 0.275 0.121 0.191   -1.0
0.418 0.494 0.182 0.527   -1.0
0.897 0.681 0.138 0.458   1.0
0.255 0.347 0.513 0.936   1.0
0.660 0.040 0.571 0.261   1.0
0.191 0.121 0.153 0.016   -1.0
0.352 0.048 0.201 0.702   -1.0
0.919 0.546 0.535 0.415   1.0
0.799 0.845 0.550 0.942   1.0
0.235 0.948 0.126 0.713   1.0
0.374 0.426 0.627 0.055   -1.0
0.180 0.585 0.061 0.599   -1.0
0.795 0.429 0.933 0.856   1.0
0.082 0.228 0.322 0.538   -1.0
0.165 0.029 0.810 0.762   -1.0
0.349 0.622 0.824 0.156   -1.0
0.736 0.652 0.259 0.514   1.0
0.160 0.677 0.072 0.550   -1.0
0.810 0.564 0.252 0.939   1.0
0.071 0.550 0.182 0.416   -1.0
0.378 0.814 0.415 0.393   -1.0
0.742 0.278 0.538 0.423   -1.0
0.722 0.005 0.881 0.730   1.0
0.044 0.445 0.878 0.718   1.0
0.518 0.667 0.224 0.291   -1.0
0.357 0.649 0.738 0.989   1.0
0.819 0.199 0.866 0.020   -1.0
0.614 0.420 0.622 0.292   -1.0
0.163 0.026 0.231 0.106   -1.0
0.100 0.755 0.536 0.895   1.0
0.695 0.465 0.433 0.079   -1.0
0.893 0.895 0.399 0.951   1.0
0.031 0.398 0.447 0.713   -1.0
0.725 0.244 0.746 0.908   1.0
0.584 0.843 0.744 0.074   1.0
0.556 0.820 0.918 0.384   1.0
0.409 0.518 0.356 0.075   -1.0
0.941 0.197 0.022 0.885   1.0
0.378 0.153 0.347 0.830   -1.0
0.981 0.895 0.094 0.318   1.0
0.912 0.216 0.954 0.263   1.0
0.802 0.563 0.666 0.956   1.0
0.496 0.518 0.239 0.764   1.0
0.879 0.292 0.983 0.351   1.0
0.158 0.507 0.092 0.526   -1.0
0.617 0.069 0.038 0.941   -1.0
0.881 0.496 0.081 0.388   -1.0
0.076 0.942 0.068 0.710   -1.0
0.900 0.316 0.931 0.078   1.0
0.273 0.876 0.696 0.530   1.0
0.901 0.503 0.569 0.288   1.0
0.602 0.890 0.307 0.738   1.0
0.649 0.748 0.758 0.755   1.0
0.375 0.772 0.950 0.268   1.0
0.444 0.652 0.526 0.995   1.0
0.742 0.769 0.845 0.385   1.0
0.306 0.300 0.972 0.191   -1.0
0.124 0.183 0.961 0.867   1.0
0.980 0.692 0.724 0.641   1.0
0.207 0.909 0.797 0.473   -1.0*
0.853 0.927 0.505 0.683   -1.0*
0.318 0.769 0.062 0.881   1.0
0.879 0.185 0.972 0.814   1.0
0.079 0.130 0.014 0.038   -1.0
0.614 0.377 0.461 0.391   -1.0
0.408 0.910 0.440 0.270   1.0
0.756 0.585 0.507 0.517   1.0
0.689 0.728 0.227 0.503   -1.0*
0.134 0.677 0.263 0.029   -1.0
0.985 0.839 0.851 0.895   1.0
0.138 0.372 0.210 0.636   -1.0
0.083 0.708 0.493 0.993   1.0
0.199 0.205 0.075 0.714   -1.0
0.638 0.722 0.513 0.458   1.0
0.221 0.901 0.689 0.824   1.0
0.232 0.781 0.323 0.543   -1.0
0.030 0.228 0.801 0.111   -1.0
0.557 0.456 0.836 0.936   -1.0*
0.004 0.120 0.750 0.210   -1.0
0.639 0.155 0.429 0.514   -1.0
0.180 0.339 0.414 0.554   -1.0
0.809 0.467 0.144 0.032   -1.0
0.587 0.813 0.296 0.831   1.0
0.509 0.662 0.470 0.957   1.0
0.169 0.672 0.924 0.272   1.0
0.690 0.295 0.059 0.671   -1.0
0.903 0.524 0.175 0.203   -1.0
0.128 0.245 0.718 0.252   -1.0
0.388 0.321 0.751 0.402   -1.0
0.042 0.241 0.675 0.079   -1.0
0.671 0.818 0.020 0.935   1.0
0.610 0.339 0.045 0.761   -1.0
0.299 0.860 0.785 0.930   1.0
0.974 0.858 0.207 0.473   1.0
0.852 0.039 0.606 0.782   1.0
0.673 0.168 0.143 0.809   -1.0
0.467 0.379 0.918 0.212   -1.0
0.853 0.578 0.254 0.891   1.0
0.393 0.217 0.753 0.059   -1.0
0.592 0.508 0.371 0.753   1.0
0.451 0.922 0.329 0.255   -1.0
0.012 0.230 0.340 0.203   -1.0
0.523 0.281 0.308 0.815   -1.0
0.995 0.931 0.151 0.430   1.0
0.093 0.766 0.301 0.384   -1.0
0.046 0.769 0.886 0.815   1.0
0.410 0.235 0.247 0.668   -1.0
0.652 0.063 0.303 0.766   -1.0
0.224 0.410 0.856 0.471   -1.0
0.129 0.956 0.266 0.123   -1.0
0.431 0.455 0.406 0.714   1.0
0.907 0.900 0.242 0.818   1.0
0.328 0.713 0.978 0.381   1.0
0.237 0.303 0.111 0.223   -1.0
0.865 0.757 0.900 0.416   1.0
0.931 0.694 0.430 0.046   1.0
0.195 0.066 0.720 0.779   -1.0
0.702 0.046 0.517 0.929   1.0
0.256 0.403 0.735 0.880   1.0
0.423 0.458 0.993 0.078   -1.0
0.085 0.012 0.966 0.968   1.0
0.992 0.433 0.301 0.612   -1.0*
0.269 0.690 0.666 0.415   1.0
0.940 0.609 0.913 0.761   1.0
0.452 0.222 0.135 0.907   -1.0
0.121 0.106 0.973 0.911   -1.0*
0.280 0.282 0.814 0.795   1.0
0.498 0.789 0.699 0.780   1.0
0.731 0.225 0.602 0.070   -1.0
0.605 0.865 0.586 0.827   1.0
0.506 0.952 0.090 0.127   -1.0
0.607 0.383 0.938 0.620   1.0
0.257 0.813 0.125 0.292   -1.0
0.366 0.586 0.094 0.242   -1.0
0.955 0.864 0.941 0.722   1.0
0.392 0.788 0.644 0.154   -1.0
0.807 0.510 0.050 0.269   -1.0
0.484 0.579 0.409 0.404   1.0
0.958 0.087 0.467 0.888   1.0
0.958 0.930 0.798 0.639   1.0
0.831 0.026 0.587 0.871   1.0
0.217 0.167 0.784 0.382   -1.0
0.595 0.461 0.418 0.042   -1.0
0.658 0.099 0.995 0.405   1.0
0.878 0.088 0.925 0.908   1.0
0.177 0.767 0.697 0.050   -1.0
0.762 0.501 0.129 0.050   -1.0
0.414 0.600 0.601 0.010   -1.0
0.263 0.569 0.480 0.518   -1.0
0.086 0.256 0.882 0.617   -1.0
0.192 0.475 0.898 0.207   -1.0
0.755 0.273 0.324 0.152   -1.0
0.502 0.314 0.049 0.835   -1.0
0.010 0.900 0.665 0.234   -1.0
0.187 0.326 0.856 0.750   1.0
0.718 0.402 0.606 0.109   -1.0
0.544 0.563 0.148 0.085   -1.0
0.473 0.625 0.272 0.719   1.0
0.357 0.579 0.856 0.325   1.0
0.283 0.052 0.748 0.998   1.0
0.332 0.392 0.331 0.766   -1.0
0.365 0.921 0.240 0.915   1.0
0.139 0.910 0.406 0.304   -1.0
0.484 0.355 0.170 0.626   -1.0
0.730 0.064 0.754 0.083   1.0
0.049 0.153 0.623 0.731   -1.0
0.386 0.511 0.189 0.365   -1.0
0.855 0.784 0.703 0.220   1.0
0.335 0.705 0.771 0.270   1.0
0.567 0.559 0.112 0.384   -1.0
0.792 0.927 0.183 0.232   1.0
0.378 0.953 0.340 0.817   1.0
0.225 0.207 0.852 0.982   1.0
0.362 0.717 0.754 0.876   1.0
0.454 0.504 0.937 0.992   -1.0*
0.575 0.951 0.334 0.586   1.0
0.143 0.769 0.586 0.386   -1.0
0.408 0.772 0.410 0.242   -1.0
0.337 0.118 0.013 0.893   -1.0
0.911 0.771 0.056 0.883   1.0
0.192 0.975 0.073 0.136   -1.0
0.170 0.187 0.617 0.593   -1.0
0.928 0.334 0.133 0.020   -1.0
0.158 0.836 0.521 0.294   -1.0
0.523 0.820 0.466 0.860   1.0
0.288 0.314 0.003 0.494   -1.0
0.864 0.653 0.064 0.765   1.0
0.874 0.181 0.983 0.474   1.0
0.089 0.593 0.950 0.335   -1.0
0.398 0.560 0.917 0.698   1.0
0.810 1.000 0.773 0.497   1.0
0.666 0.302 0.515 0.041   -1.0
0.974 0.016 0.953 0.005   -1.0
0.989 0.425 0.427 0.775   1.0
0.367 0.119 0.873 0.331   -1.0
0.378 0.206 0.967 0.320   -1.0
0.328 0.549 0.849 0.979   1.0
0.718 0.209 0.345 0.667   -1.0
0.303 0.019 0.913 0.410   1.0
0.871 0.708 0.216 0.214   1.0
0.453 0.272 0.945 0.196   -1.0
0.066 0.646 0.432 0.694   -1.0
0.869 0.135 0.510 0.602   -1.0*
0.541 0.486 0.119 0.982   1.0
0.059 0.239 0.042 0.880   -1.0
0.760 0.268 0.443 0.048   -1.0
0.503 0.357 0.895 0.019   -1.0
0.246 0.941 0.062 0.206   -1.0
0.221 0.719 0.325 0.977   1.0
0.866 0.765 0.162 0.308   1.0
0.681 0.588 0.863 0.264   1.0
0.781 0.381 0.523 0.731   1.0
0.082 0.234 0.898 0.688   -1.0
0.940 0.132 0.093 0.997   1.0
0.216 0.978 0.694 0.813   1.0
0.573 0.575 0.550 0.856   1.0
0.815 0.781 0.713 0.802   1.0
0.176 0.879 0.954 0.722   1.0
0.775 0.500 0.048 0.442   -1.0
0.742 0.190 0.563 0.556   -1.0*
0.884 0.175 0.197 0.940   1.0
0.920 0.087 0.631 0.933   1.0
0.897 0.018 0.387 0.093   -1.0
0.187 0.160 0.380 0.019   -1.0
0.144 0.885 0.346 0.400   1.0
0.491 0.588 0.762 0.808   1.0
0.295 0.510 0.941 0.101   -1.0
0.851 0.502 0.885 0.286   1.0
0.793 0.296 0.573 0.739   1.0
0.687 0.062 0.582 0.330   -1.0
0.720 0.589 0.755 0.177   1.0
0.835 0.628 0.228 0.254   -1.0
0.718 0.792 0.084 0.759   1.0
0.906 0.310 0.212 0.055   -1.0
0.178 0.994 0.846 0.059   1.0
0.488 0.665 0.980 0.850   1.0
0.270 0.565 0.080 0.051   -1.0
0.264 0.511 0.027 0.624   -1.0
0.764 0.200 0.004 0.233   -1.0
0.167 0.831 0.136 0.640   -1.0
0.988 0.557 0.537 0.744   1.0
0.641 0.722 0.274 0.541   1.0
0.914 0.798 0.271 0.635   1.0
0.787 0.387 0.384 0.654   1.0
0.315 0.453 0.883 0.634   1.0
0.039 0.416 0.587 0.247   1.0
0.337 0.814 0.613 0.737   1.0
0.847 0.200 0.533 0.722   1.0
0.824 0.106 0.317 0.330   -1.0
0.178 0.329 0.563 0.030   -1.0
0.424 0.606 0.843 0.920   1.0
0.065 0.455 0.517 0.085   -1.0
0.003 0.331 0.076 0.586   -1.0
0.721 0.413 0.043 0.789   -1.0
0.409 0.518 0.303 0.553   -1.0
0.295 0.531 0.880 0.573   1.0
0.110 0.447 0.421 0.470   -1.0
0.039 0.153 0.269 0.196   -1.0
0.059 0.924 0.344 0.668   -1.0
0.872 0.589 0.137 0.136   -1.0
0.146 0.490 0.622 0.525   -1.0
0.927 0.052 0.566 0.282   -1.0
0.185 0.830 0.141 0.645   -1.0
0.046 0.893 0.940 0.987   1.0
0.467 0.500 0.732 0.582   1.0
0.173 0.550 0.702 0.970   1.0
0.737 0.695 0.868 0.818   1.0
0.662 0.405 0.423 0.168   -1.0
0.075 0.783 0.418 0.383   -1.0
0.383 0.169 0.587 0.610   -1.0
0.793 0.616 0.760 0.400   1.0
0.739 0.667 0.671 0.795   1.0
0.103 0.557 0.648 0.660   -1.0
0.980 0.151 0.470 0.012   -1.0
0.190 0.539 0.109 0.637   -1.0
0.102 0.524 0.681 0.781   1.0
0.552 0.894 0.491 0.839   1.0
0.763 0.393 0.282 0.047   -1.0
0.103 0.652 0.704 0.595   1.0
0.734 0.702 0.749 0.306   1.0
0.781 0.358 0.838 0.016   -1.0
0.956 0.931 0.284 0.311   1.0
0.345 0.614 0.769 0.492   1.0
0.991 0.783 0.676 0.822   1.0
0.805 0.238 0.308 0.366   -1.0
0.137 0.778 0.686 0.913   1.0
0.664 0.787 0.905 0.972   1.0
0.346 0.601 0.706 0.875   1.0
0.921 0.804 0.120 0.640   1.0
0.958 0.394 0.376 0.902   1.0
0.829 0.105 0.094 0.240   -1.0
0.813 0.593 0.591 0.516   1.0
0.690 0.472 0.224 0.906   1.0
0.062 0.551 0.431 0.363   -1.0
0.776 0.757 0.276 0.447   1.0
0.710 0.136 0.706 0.594   1.0
0.821 0.288 0.462 0.190   -1.0
0.104 0.899 0.556 0.722   1.0
0.599 0.336 0.535 0.252   -1.0
0.915 0.405 0.607 0.712   1.0
0.971 0.649 0.043 0.173   -1.0
0.283 0.995 0.111 0.292   -1.0
0.676 0.599 0.438 0.945   1.0
0.271 0.776 0.938 0.107   1.0
0.005 0.649 0.115 0.604   -1.0
0.288 0.092 0.884 0.576   -1.0
0.691 0.511 0.533 0.057   -1.0
0.303 0.310 0.110 0.270   -1.0
0.737 0.978 0.713 0.578   1.0
0.067 0.452 0.266 0.378   -1.0
0.858 0.710 0.566 0.852   1.0
0.892 0.351 0.632 0.552   1.0
0.694 0.756 0.866 0.341   1.0
0.327 0.480 0.975 0.238   1.0
0.105 0.075 0.425 0.608   -1.0
0.072 0.762 0.525 0.563   -1.0
0.929 0.228 0.142 0.779   1.0
0.162 0.451 0.001 0.233   1.0
0.515 0.520 0.360 0.100   -1.0
0.600 0.838 0.708 0.629   1.0
0.407 0.716 0.415 0.241   -1.0
0.731 0.115 0.919 0.670   1.0
0.804 0.705 0.488 0.181   -1.0*
0.456 0.424 0.771 0.101   -1.0
0.010 0.740 0.135 0.859   -1.0
0.376 0.962 0.221 0.697   1.0
0.102 0.791 0.145 0.875   -1.0
0.941 0.268 0.042 0.787   1.0
0.680 0.704 0.880 0.015   1.0
0.096 0.418 0.837 0.376   -1.0
0.845 0.918 0.089 0.890   1.0
0.503 0.142 0.344 0.292   -1.0
0.740 0.073 0.469 0.123   -1.0
0.784 0.776 0.492 0.240   1.0
0.029 0.545 0.094 0.946   -1.0
0.976 0.764 0.364 0.547   1.0
0.915 0.422 0.427 0.359   1.0
0.123 0.115 0.054 0.868   -1.0
0.634 0.316 0.978 0.837   1.0
0.373 0.045 0.024 0.315   -1.0
0.095 0.280 0.074 0.528   -1.0
0.563 0.010 0.535 0.504   -1.0
0.479 0.614 0.573 0.624   1.0
0.888 0.701 0.774 0.939   1.0
0.356 0.178 0.021 0.690   -1.0
0.266 0.306 0.901 0.267   -1.0
0.303 0.445 0.694 0.876   1.0
0.270 0.760 0.206 0.130   -1.0
0.295 0.792 0.359 0.731   1.0
0.446 0.732 0.336 0.959   1.0
0.346 0.818 0.615 0.345   1.0
0.224 0.988 0.890 0.068   -1.0*
0.180 0.598 0.310 0.511   -1.0
0.996 0.653 0.139 0.026   -1.0
0.214 0.282 0.101 0.011   -1.0
0.988 0.770 0.858 0.599   1.0
0.970 0.946 0.646 0.765   1.0
0.807 0.717 0.883 0.689   1.0
0.306 0.760 0.518 0.874   1.0
0.757 0.482 0.615 0.807   1.0
0.725 0.952 0.623 0.398   1.0
0.701 0.703 0.013 0.777   -1.0*
0.589 0.353 0.050 0.416   -1.0
0.089 0.878 0.105 0.747   -1.0
0.441 0.125 0.743 0.342   -1.0
0.365 0.329 0.531 0.303   -1.0
0.003 0.258 0.568 0.139   -1.0
0.975 0.522 0.531 0.615   1.0
0.836 0.118 0.103 0.617   -1.0
0.203 0.322 0.924 0.302   -1.0
0.264 0.468 0.161 0.075   -1.0
0.702 0.808 0.431 0.138   1.0
0.131 0.531 0.628 0.775   1.0
0.516 0.517 0.991 0.971   1.0
0.371 0.394 0.885 0.688   1.0
0.193 0.586 0.922 0.474   1.0
0.338 0.155 0.958 0.356   -1.0
0.902 0.267 0.733 0.634   1.0
0.567 0.086 0.736 0.058   -1.0
0.950 0.930 0.516 0.379   1.0
0.104 0.575 0.272 0.533   -1.0
0.295 0.954 0.943 0.580   1.0
0.070 0.187 0.399 0.771   -1.0
0.292 0.083 0.415 0.959   -1.0
0.632 0.521 0.842 0.593   1.0
0.546 0.875 0.684 0.277   1.0
0.321 0.300 0.792 0.409   -1.0
0.002 0.103 0.690 0.748   -1.0
0.718 0.900 0.578 0.413   1.0
0.951 0.284 0.272 0.024   -1.0
0.058 0.897 0.942 0.047   -1.0
0.083 0.255 0.251 0.429   -1.0
0.420 0.893 0.361 0.584   1.0
0.627 0.877 0.957 0.553   1.0
0.976 0.455 0.222 0.671   1.0
0.744 0.652 0.016 0.950   1.0
0.416 0.027 0.444 0.344   1.0
0.159 0.500 0.934 0.613   1.0
0.276 0.949 0.477 0.916   1.0
0.294 0.218 0.180 0.341   -1.0
0.551 0.637 0.694 0.974   1.0
0.399 0.346 0.845 0.078   -1.0
0.860 0.383 0.081 0.028   -1.0
0.087 0.462 0.998 0.994   1.0
0.635 0.618 0.962 0.810   1.0
0.850 0.454 0.442 0.604   1.0
0.471 0.486 0.442 0.473   -1.0
0.185 0.122 0.980 0.696   -1.0
0.995 0.877 0.358 0.537   1.0
0.522 0.756 0.548 0.358   1.0
0.558 0.266 0.996 0.074   -1.0
0.886 0.203 0.911 0.198   1.0
0.839 0.378 0.726 0.904   1.0
0.670 0.482 0.982 0.868   -1.0*
0.133 0.541 0.221 0.098   -1.0
0.783 0.432 0.600 0.599   1.0
0.938 0.212 0.077 0.538   -1.0
0.333 0.179 0.607 0.510   -1.0
0.419 0.129 0.698 0.207   -1.0
0.496 0.676 0.760 0.319   1.0
0.681 0.570 0.280 0.998   1.0
0.058 0.156 0.150 0.670   -1.0
0.562 0.842 0.748 0.654   -1.0*
0.750 0.341 0.933 0.956   1.0
0.010 0.044 0.791 0.724   -1.0
0.739 0.599 0.952 0.112   1.0
0.182 0.946 0.688 0.654   1.0
0.943 0.288 0.860 0.802   1.0
0.289 0.160 0.682 0.052   -1.0
0.957 0.169 0.313 0.581   1.0
0.060 0.235 0.223 0.324   -1.0
0.867 0.305 0.207 0.289   -1.0
0.625 0.535 0.784 0.934   1.0
0.740 0.351 0.573 0.174   -1.0
0.729 0.384 0.017 0.106   -1.0
0.730 0.649 0.046 0.167   -1.0
0.673 0.588 0.192 0.532   1.0
0.145 0.332 0.601 0.512   -1.0
0.250 0.734 0.963 0.068   1.0
0.149 0.705 0.007 0.676   1.0
0.461 0.188 0.938 0.338   -1.0
0.568 0.694 0.830 0.238   1.0
0.968 0.163 0.198 0.998   1.0
0.257 0.291 0.501 0.505   -1.0
0.263 0.162 0.095 0.967   -1.0
0.190 0.708 0.518 0.877   1.0
0.512 0.200 0.374 0.702   1.0
0.584 0.627 0.919 0.816   1.0
0.054 0.057 0.112 0.302   -1.0
0.462 0.497 0.370 0.596   -1.0
0.832 0.047 0.241 0.395   -1.0
0.877 0.521 0.217 0.111   -1.0
0.569 0.076 0.638 0.120   -1.0
0.036 0.863 0.183 0.875   -1.0
0.553 0.642 0.049 0.609   -1.0
0.496 0.778 0.797 0.226   1.0
0.519 0.578 0.644 0.876   1.0
0.057 0.054 0.682 0.644   -1.0
0.414 0.455 0.815 0.516   1.0
0.569 0.390 0.075 0.238   -1.0
0.964 0.059 0.097 0.791   -1.0
0.206 0.247 0.187 0.902   -1.0
0.098 0.136 0.989 0.069   -1.0
0.532 0.516 0.663 0.553   1.0
0.403 0.024 0.984 0.905   1.0
0.411 0.033 0.274 0.350   -1.0
0.212 0.701 0.530 0.878   1.0
0.239 0.793 0.552 0.974   1.0
0.596 0.639 0.968 0.244   1.0
0.635 0.695 0.089 0.084   -1.0
0.707 0.386 0.953 0.214   1.0
0.276 0.014 0.220 0.015   -1.0
0.653 0.589 0.444 0.769   -1.0*
0.640 0.535 0.469 0.853   1.0
0.519 0.855 0.349 0.063   -1.0
0.647 0.690 0.053 0.249   -1.0
0.423 0.038 0.287 0.254   -1.0
0.130 0.060 0.524 0.941   -1.0
0.714 0.890 0.930 0.615   1.0
0.487 0.543 0.001 0.970   1.0
0.714 0.095 0.077 0.747   -1.0
0.197 0.288 0.838 0.185   -1.0
0.916 0.235 0.122 0.118   -1.0
0.956 0.453 0.868 0.958   1.0
0.373 0.699 0.065 0.786   -1.0
0.449 0.963 0.945 0.169   1.0
0.296 0.748 0.736 0.485   1.0
0.965 0.885 0.138 0.606   1.0
0.755 0.324 0.684 0.004   -1.0
0.759 0.963 0.242 0.120   1.0
0.910 0.515 0.249 0.568   1.0
0.909 0.342 0.756 0.222   1.0
0.627 0.419 0.862 0.297   1.0
0.008 0.675 0.981 0.550   1.0
0.663 0.084 0.736 0.511   -1.0
0.035 0.863 0.756 0.758   1.0
0.013 0.973 0.941 0.204   1.0
0.752 0.619 0.515 0.147   1.0
0.681 0.470 0.462 0.066   -1.0
0.629 0.100 0.150 0.764   -1.0
0.035 0.128 0.470 0.656   -1.0
0.213 0.117 0.432 0.989   -1.0
0.374 0.098 0.693 0.313   -1.0
0.662 0.007 0.990 0.848   1.0
0.268 0.239 0.653 0.749   1.0
0.492 0.263 0.762 0.565   1.0
0.966 0.332 0.736 0.657   1.0
0.048 0.674 0.989 0.410   1.0
0.644 0.280 0.738 0.701   1.0
0.421 0.995 0.878 0.675   1.0
0.780 0.742 0.742 0.527   -1.0*
0.190 0.333 0.634 0.952   1.0
0.438 0.023 0.132 0.643   -1.0
0.956 0.545 0.284 0.709   1.0
0.058 0.783 0.324 0.679   -1.0
0.951 0.068 0.174 0.723   -1.0
0.363 0.871 0.507 0.411   1.0
0.517 0.046 0.916 0.361   -1.0
0.589 0.019 0.483 0.508   -1.0
0.707 0.261 0.407 0.995   1.0
0.306 0.768 0.702 0.979   1.0
0.177 0.576 0.130 0.293   -1.0
0.941 0.569 0.918 0.277   1.0
0.658 0.311 0.655 0.752   1.0
0.746 0.087 0.679 0.708   1.0
0.122 0.426 0.027 0.781   -1.0
0.560 0.913 0.209 0.666   1.0
0.027 0.643 0.851 0.060   -1.0
0.364 0.906 0.330 0.052   1.0
0.262 0.867 0.273 0.888   1.0
0.538 0.734 0.936 0.551   1.0
0.322 0.555 0.132 0.915   -1.0
0.903 0.569 0.409 0.885   1.0
0.427 0.204 0.064 0.179   -1.0
0.313 0.933 0.250 0.420   -1.0
0.310 0.925 0.846 0.837   -1.0*
0.785 0.950 0.374 0.100   1.0
0.036 0.393 0.409 0.518   1.0
0.093 0.486 0.927 0.324   -1.0
0.858 0.301 0.389 0.002   -1.0
0.534 0.313 0.418 0.651   -1.0
0.650 0.000 0.363 0.975   -1.0
0.279 0.295 0.446 0.782   -1.0
0.299 0.434 0.759 0.184   -1.0
0.525 0.194 0.468 0.664   -1.0
0.317 0.792 0.387 0.380   -1.0
0.676 0.687 0.109 0.535   1.0
0.486 0.744 0.255 0.300   -1.0
0.093 0.185 0.440 0.812   -1.0
0.115 0.734 0.481 0.545   -1.0
0.761 0.721 0.747 0.563   1.0
0.177 0.789 0.210 0.822   -1.0
0.542 0.051 0.524 0.577   -1.0
0.801 0.674 0.252 0.694   1.0
0.807 0.962 0.032 0.264   1.0
0.917 0.244 0.179 0.854   1.0
0.068 0.068 0.784 0.571   -1.0
0.963 0.504 0.562 0.133   1.0
0.125 0.864 0.935 0.208   1.0
0.066 0.431 0.469 0.148   -1.0
0.144 0.004 0.858 0.578   -1.0
0.593 0.065 0.930 0.677   1.0
0.216 0.440 0.357 0.370   -1.0
0.145 0.928 0.442 0.838   1.0
0.392 0.631 0.026 0.453   1.0
0.481 0.593 0.324 0.888   1.0
0.119 0.357 0.468 0.246   -1.0
0.131 0.289 0.474 0.179   -1.0
0.464 0.192 0.448 0.553   -1.0
0.340 0.974 0.521 0.635   1.0
0.718 0.118 0.772 0.763   1.0
0.880 0.410 0.990 0.066   1.0
0.983 0.721 0.827 0.853   1.0
0.060 0.597 0.671 0.021   -1.0
0.314 0.493 0.457 0.381   -1.0
0.323 0.562 0.477 0.619   -1.0
0.054 0.617 0.310 0.391   -1.0
0.009 0.085 0.232 0.194   -1.0
0.219 0.847 0.025 0.302   -1.0
0.592 0.638 0.884 0.616   1.0
0.398 0.388 0.873 0.217   -1.0
0.777 0.679 0.934 0.093   1.0
0.670 0.524 0.764 0.191   1.0
0.740 0.629 0.310 0.048   -1.0
0.612 0.972 0.005 0.481   1.0
0.278 0.570 0.920 0.640   1.0
0.841 0.947 0.080 0.308   1.0
0.193 0.870 0.391 0.587   -1.0*
0.622 0.525 0.943 0.839   1.0
0.604 0.945 0.730 0.424   1.0
0.225 0.585 0.219 0.466   -1.0
0.617 0.086 0.287 0.239   -1.0
0.826 0.104 0.264 0.817   1.0
0.555 0.035 0.274 0.397   -1.0
0.181 0.444 0.411 0.715   -1.0
0.332 0.767 0.685 0.974   1.0
0.978 0.138 0.097 0.289   -1.0
0.236 0.952 0.457 0.627   1.0
0.916 0.245 0.974 0.161   1.0
0.940 0.904 0.714 0.601   1.0
0.346 0.093 0.745 0.743   -1.0
0.627 0.583 0.612 0.622   1.0
0.689 0.934 0.404 0.833   1.0
0.326 0.618 0.181 0.678   -1.0
0.159 0.243 0.997 0.463   -1.0
0.551 0.336 0.399 0.270   -1.0
0.518 0.688 0.974 0.982   1.0
0.680 0.716 0.041 0.742   1.0
0.888 0.956 0.910 0.313   1.0
0.921 0.008 0.311 0.926   1.0
0.168 0.073 0.896 0.750   -1.0
0.707 0.691 0.493 0.628   1.0
0.392 0.383 0.345 0.257   -1.0
0.691 0.564 0.471 0.660   1.0
0.707 0.506 0.550 0.587   -1.0*
0.662 0.226 0.627 0.167   -1.0
0.450 0.985 0.032 0.280   -1.0
0.408 0.107 0.852 0.226   -1.0
0.406 0.685 0.835 0.344   1.0
0.399 0.699 0.012 0.041   -1.0
0.721 0.774 0.452 0.870   1.0
0.771 0.815 0.581 0.754   1.0
0.260 0.130 0.150 0.426   -1.0
0.050 0.746 0.138 0.085   -1.0
0.660 0.701 0.317 0.708   1.0
0.116 0.128 0.500 0.717   -1.0
0.930 0.507 0.064 0.934   -1.0*
0.522 0.402 0.119 0.797   -1.0
0.417 0.074 0.925 0.730   1.0
0.208 0.981 0.614 0.194   -1.0
0.362 0.879 0.178 0.190   -1.0
0.458 0.852 0.563 0.360   1.0
0.254 0.434 0.168 0.212   -1.0
0.277 0.331 0.604 0.964   1.0
0.884 0.547 0.233 0.545   1.0
0.811 0.328 0.013 0.943   1.0
0.515 0.776 0.490 0.043   -1.0
0.678 0.799 0.049 0.464   -1.0
0.054 0.636 0.974 0.899   1.0
0.694 0.175 0.863 0.569   1.0
0.669 0.534 0.555 0.823   1.0
0.097 0.680 0.521 0.132   -1.0
0.035 0.077 0.831 0.805   -1.0
0.671 0.624 0.168 0.325   -1.0
0.472 0.231 0.926 0.970   1.0
0.702 0.106 0.200 0.183   -1.0
0.796 0.150 0.907 0.605   1.0
0.121 0.305 0.235 0.201   -1.0
0.767 0.201 0.523 0.469   -1.0
0.150 0.662 0.172 0.330   -1.0
0.897 0.240 0.349 0.463   -1.0
0.856 0.022 0.418 0.339   -1.0
0.955 0.290 0.139 0.428   -1.0
0.850 0.212 0.071 0.505   -1.0
0.159 0.959 0.597 0.729   1.0
0.640 0.831 0.011 0.967   1.0
0.681 0.942 0.820 0.098   1.0
0.396 0.228 0.208 0.083   -1.0
0.989 0.295 0.565 0.534   1.0
0.761 0.944 0.659 0.810   1.0
0.746 0.575 0.347 0.515   1.0
0.571 0.409 0.853 0.663   1.0
0.644 0.944 0.270 0.012   -1.0
0.314 0.500 0.176 0.246   -1.0
0.792 0.654 0.652 0.410   1.0
0.827 0.857 0.822 0.931   1.0
0.215 0.476 0.953 0.070   -1.0
0.357 0.721 0.188 0.999   1.0
0.783 0.370 0.400 0.560   -1.0*
0.655 0.600 0.032 0.624   -1.0
0.618 0.501 0.219 0.101   -1.0
0.595 0.499 0.511 0.647   1.0
0.821 0.328 0.560 0.220   -1.0
0.738 0.749 0.167 0.152   -1.0
0.363 0.481 0.218 0.552   1.0
0.736 0.938 0.654 0.726   1.0
0.317 0.147 0.219 0.801   -1.0
0.312 0.050 0.129 0.877   -1.0
0.388 0.347 0.413 0.754   -1.0
0.196 0.871 0.367 0.706   1.0
0.058 0.386 0.427 0.451   -1.0
0.619 0.141 0.410 0.609   -1.0
0.740 0.586 0.957 0.912   -1.0*
0.288 0.912 0.641 0.632   1.0
0.198 0.703 0.366 0.685   -1.0
0.879 0.265 0.063 0.338   -1.0
0.383 0.939 0.212 0.674   1.0
0.572 0.043 0.053 0.698   -1.0
0.703 0.635 0.603 0.742   1.0
0.674 0.749 0.406 0.723   1.0
0.918 0.383 0.444 0.175   -1.0
0.503 0.288 0.878 0.549   1.0
0.284 0.936 0.731 0.793   1.0
0.153 0.000 0.139 0.394   1.0
0.480 0.533 0.219 0.966   1.0
0.042 0.494 0.861 0.579   -1.0
0.344 0.848 0.160 0.690   1.0
0.970 0.334 0.002 0.570   -1.0
0.622 0.145 0.540 0.732   1.0
0.396 0.759 0.068 0.012   -1.0
0.978 0.235 0.353 0.389   -1.0
0.349 0.384 0.663 0.054   -1.0
0.438 0.852 0.249 0.215   -1.0
0.518 0.532 0.709 0.054   -1.0
0.550 0.973 0.275 0.712   1.0
0.200 0.395 0.959 0.104   -1.0
0.728 0.810 0.728 0.230   1.0
0.557 0.917 0.349 0.882   1.0
0.886 0.503 0.356 0.602   1.0
0.677 0.174 0.177 0.241   -1.0
0.469 0.391 0.430 0.198   -1.0
0.875 0.212 0.410 0.768   1.0
0.600 0.964 0.726 0.532   1.0
0.085 0.980 0.504 0.504   1.0
0.392 0.599 0.274 0.095   -1.0
0.828 0.223 0.370 0.104   -1.0
0.605 0.798 0.021 0.219   -1.0
0.556 0.136 0.325 0.198   -1.0
0.926 0.343 0.425 0.215   -1.0
0.935 0.365 0.565 0.621   1.0
0.323 0.241 0.531 0.298   -1.0
0.386 0.636 0.508 0.649   1.0
0.307 0.250 0.511 0.676   -1.0
0.605 0.106 0.002 0.581   -1.0
0.631 0.607 0.975 0.117   1.0
0.442 0.547 0.342 0.024   -1.0
0.122 0.147 0.778 0.044   -1.0
0.083 0.762 0.085 0.211   -1.0
0.077 0.767 0.690 0.314   -1.0
0.554 0.466 0.283 0.713   1.0
0.079 0.886 0.249 0.013   -1.0
0.760 0.188 0.670 0.184   -1.0
0.393 0.735 0.504 0.311   -1.0
0.285 0.826 0.163 0.337   -1.0
0.272 0.665 0.386 0.523   -1.0
0.506 0.396 0.337 0.400   -1.0
0.842 0.758 0.077 0.411   1.0
0.997 0.329 0.012 0.889   1.0
0.734 0.498 0.312 0.234   -1.0
0.194 0.626 0.310 0.876   1.0
0.418 0.828 0.001 0.628   -1.0
0.612 0.286 0.166 0.055   -1.0
0.554 0.987 0.102 0.760   1.0
0.052 0.897 0.908 0.004   -1.0
0.448 0.014 0.432 0.928   -1.0
0.976 0.150 0.796 0.236   1.0
0.342 0.064 0.197 0.571   -1.0
0.014 0.589 0.950 0.970   1.0
0.611 0.520 0.528 0.013   -1.0
0.234 0.014 0.533 0.308   -1.0
0.310 0.849 0.451 0.963   1.0
0.723 0.060 0.005 0.612   -1.0
0.917 0.879 0.497 0.331   1.0
0.122 0.366 0.332 0.651   -1.0
0.776 0.282 0.858 0.009   1.0
0.333 0.855 0.915 0.503   -1.0*
0.667 0.195 0.508 0.449   -1.0
0.578 0.873 0.238 0.474   1.0
0.351 0.689 0.481 0.896   1.0
0.784 0.513 0.471 0.526   -1.0*
0.938 0.819 0.270 0.449   1.0
0.584 0.487 0.212 0.971   1.0
0.590 0.936 0.618 0.551   1.0
0.692 0.533 0.666 0.744   1.0
0.607 0.390 0.543 0.512   1.0
0.644 0.634 0.661 0.339   1.0
0.407 0.323 0.736 0.964   1.0
0.507 0.496 0.431 0.826   1.0
0.465 0.630 0.378 0.335   -1.0
0.797 0.794 0.851 0.189   1.0
0.018 0.884 0.203 0.116   -1.0
0.117 0.910 0.249 0.821   1.0
0.437 0.808 0.351 0.544   1.0
0.586 0.228 0.827 0.379   1.0
0.692 0.242 0.352 0.917   1.0
0.528 0.775 0.563 0.563   1.0
0.442 0.272 0.587 0.758   1.0
0.874 0.151 0.036 0.806   1.0
0.109 0.673 0.904 0.057   -1.0
0.792 0.426 0.382 0.477   1.0
0.934 0.965 0.840 0.457   1.0
0.921 0.124 0.268 0.176   -1.0
0.590 0.542 0.282 0.184   -1.0
0.838 0.674 0.989 0.078   1.0
0.643 0.324 0.430 0.315   -1.0
0.630 0.947 0.104 0.302   -1.0
0.980 0.771 0.858 0.305   1.0
0.357 0.770 0.159 0.944   1.0
0.556 0.463 0.293 0.154   1.0
0.359 0.835 0.511 0.946   1.0
0.479 0.473 0.642 0.829   1.0
0.398 0.238 0.796 0.437   -1.0
0.656 0.067 0.957 0.168   -1.0
0.223 0.163 0.739 0.737   -1.0
0.189 0.439 0.465 0.141   -1.0
0.839 0.100 0.386 0.954   1.0
0.476 0.877 0.687 0.585   1.0
0.263 0.547 0.192 0.207   -1.0
0.666 0.613 0.181 0.133   -1.0
0.376 0.518 0.184 0.003   -1.0
0.968 0.192 0.618 0.410   1.0
0.425 0.564 0.403 0.467   -1.0
0.249 0.214 0.915 0.586   -1.0
0.200 0.398 0.535 0.862   -1.0
0.744 0.282 0.132 0.419   -1.0
0.726 0.870 0.796 0.556   1.0
0.459 0.672 0.886 0.803   1.0
0.008 0.978 0.230 0.125   -1.0
0.199 0.129 0.266 0.049   -1.0
0.519 0.014 0.379 0.998   -1.0
0.245 0.021 0.854 0.425   -1.0
0.510 0.934 0.324 0.902   1.0
0.571 0.391 0.442 0.347   -1.0
0.283 0.719 0.017 0.588   -1.0
0.353 0.915 0.696 0.801   1.0
0.088 0.033 0.286 0.956   -1.0
0.443 0.006 0.284 0.627   -1.0
0.812 0.919 0.457 0.956   1.0
0.600 0.916 0.167 0.851   1.0
0.755 0.869 0.930 0.566   1.0
0.740 0.330 0.822 0.005   -1.0
0.241 0.320 0.749 0.922   1.0
0.350 0.216 0.357 0.804   -1.0
0.085 0.709 0.996 0.390   1.0
0.741 0.232 0.842 0.452   1.0
0.786 0.791 0.226 0.184   -1.0
0.945 0.446 0.890 0.732   1.0
0.256 0.979 0.816 0.109   1.0
0.139 0.031 0.687 0.530   -1.0
