0.063 0.349 0.654 0.273
0.036 0.412 0.920 0.415
0.318 0.895 0.810 0.255
0.331 0.264 0.310 0.933
0.667 0.429 0.257 0.385
0.722 0.229 0.075 0.447
0.046 0.824 0.151 0.435
0.507 0.591 0.385 0.687
0.403 0.130 0.174 0.842
0.624 0.674 0.607 0.792
0.867 0.657 0.030 0.396
0.580 0.253 0.726 0.267
0.893 0.781 0.406 0.966
0.711 0.689 0.267 0.103
0.680 0.977 0.220 0.077
0.235 0.444 0.797 0.787
0.753 0.447 0.609 0.910
0.430 0.801 0.940 0.611
0.817 0.181 0.847 0.215
0.742 0.707 0.300 0.476
0.462 0.131 0.979 0.972
0.438 0.572 0.160 0.088
0.421 0.094 0.541 0.526
0.222 0.757 0.645 0.571
0.011 0.862 0.819 0.376
0.591 0.947 0.437 0.354
0.606 0.749 0.155 0.332
0.583 0.935 0.490 0.396
0.482 0.056 0.075 0.116
0.141 0.443 0.566 0.942
0.894 0.281 0.604 0.142
0.524 0.343 0.150 0.047
0.371 0.380 0.068 0.423
0.866 0.735 0.898 0.991
0.153 0.241 0.578 0.963
0.433 0.092 0.953 0.541
0.532 0.128 0.515 0.334
0.558 0.297 0.096 0.345
0.688 0.167 0.088 0.908
0.841 0.021 0.710 0.629
0.649 0.525 0.603 0.657
0.465 0.408 0.600 0.334
0.863 0.338 0.285 0.817
0.965 0.343 0.444 0.980
0.323 0.889 0.041 0.711
0.361 0.427 0.779 0.005
0.424 0.779 0.786 0.253
0.803 0.427 0.466 0.899
0.096 0.642 0.901 0.758
0.718 0.511 0.959 0.489
0.873 0.730 0.136 0.282
0.076 0.663 0.442 0.384
0.399 0.088 0.998 0.687
0.989 0.868 0.296 0.484
0.108 0.347 0.830 0.033
0.536 0.670 0.386 0.275
0.103 0.366 0.141 0.872
0.570 0.025 0.585 0.975
0.118 0.233 0.844 0.733
0.505 0.801 0.778 0.012
0.652 0.692 0.548 0.576
0.680 0.287 0.513 0.587
0.398 0.827 0.582 0.489
0.188 0.339 0.599 0.680
0.667 0.163 0.550 0.434
0.975 0.030 0.409 0.473
0.226 0.195 0.646 0.606
0.773 0.299 0.541 0.478
0.439 0.904 0.276 0.051
0.164 0.990 0.997 0.156
0.471 0.237 0.330 0.719
0.877 0.243 0.200 0.279
0.211 0.848 0.441 0.240
0.399 0.199 0.217 0.219
0.075 0.849 0.258 0.523
0.338 0.004 0.515 0.431
0.660 0.916 0.924 0.933
0.736 0.729 0.609 0.263
0.885 0.076 0.051 0.373
0.478 0.896 0.266 0.299
0.446 0.904 0.315 0.022
0.469 0.785 0.761 0.097
0.440 0.122 0.228 0.054
0.071 0.856 0.810 0.463
0.134 0.713 0.884 0.476
0.053 0.887 0.291 0.800
0.617 0.961 0.308 0.912
0.423 0.528 0.284 0.571
0.716 0.472 0.250 0.980
0.604 0.441 0.563 0.511
0.390 0.710 0.603 0.198
0.443 0.760 0.777 0.309
0.404 0.118 0.619 0.631
