0.272 0.010 0.526 0.436
0.893 0.778 0.416 0.947
0.543 0.113 0.037 0.749
0.522 0.895 0.926 0.197
0.365 0.205 0.278 0.899
0.174 0.466 0.141 0.254
0.623 0.544 0.748 0.583
0.184 0.202 0.761 0.522
0.591 0.837 0.717 0.810
0.081 0.869 0.446 0.150
0.441 0.732 0.760 0.292
0.397 0.837 0.166 0.984
0.368 0.431 0.920 0.969
0.116 0.759 0.169 0.656
0.343 0.425 0.490 0.652
0.733 0.369 0.584 0.785
0.498 0.360 0.426 0.790
0.949 0.411 0.640 0.311
0.122 0.026 0.382 0.367
0.989 0.685 0.516 0.954
0.295 0.468 0.365 0.921
0.540 0.228 0.810 0.794
0.141 0.224 0.027 0.688
0.318 0.610 0.642 0.978
0.707 0.692 0.574 0.873
0.263 0.363 0.372 0.554
0.464 0.614 0.297 0.041
0.350 0.532 0.951 0.425
0.440 0.692 0.734 0.641
0.036 0.347 0.891 0.432
0.973 0.325 0.458 0.649
0.320 0.030 0.864 0.564
0.087 0.473 0.485 0.335
0.441 0.714 0.924 0.286
0.499 0.644 0.306 0.160
0.190 0.498 0.356 0.997
0.249 0.011 0.555 0.797
0.853 0.623 0.148 0.616
0.948 0.643 0.286 0.271
0.777 0.769 0.087 0.282
0.663 0.877 0.888 0.233
0.561 0.485 0.483 0.192
0.419 0.799 0.618 0.352
0.875 0.739 0.520 0.554
0.326 0.863 0.762 0.836
0.896 0.590 0.221 0.674
0.336 0.625 0.422 0.073
0.382 0.995 0.052 0.156
0.618 0.608 0.921 0.408
0.355 0.729 0.144 0.241
0.568 0.290 0.844 0.028
0.425 0.438 0.137 0.259
0.431 0.219 0.695 0.988
0.726 0.818 0.657 0.214
0.559 0.248 0.182 0.357
0.485 0.909 0.410 0.490
0.290 0.901 0.127 0.479
0.212 0.527 0.907 0.682
0.449 0.861 0.006 0.376
0.519 0.812 0.811 0.556
0.481 0.580 0.100 0.266
0.559 0.904 0.910 0.126
0.200 0.022 0.289 0.201
0.091 0.742 0.714 0.868
0.173 0.525 0.457 0.848
0.177 0.995 0.677 0.046
0.721 0.786 0.528 0.370
0.492 0.108 0.048 0.170
0.547 0.978 0.130 0.459
0.269 0.478 0.339 0.582
0.994 0.987 0.872 0.471
0.865 0.758 0.426 0.158
0.918 0.776 0.264 0.697
0.952 0.279 0.269 0.144
0.198 0.871 0.244 0.763
0.333 0.605 0.264 0.110
0.860 0.976 0.343 0.143
0.385 0.203 0.210 0.033
0.834 0.714 0.468 0.808
0.123 0.250 0.913 0.507
0.331 0.484 0.312 0.992
0.893 0.556 0.401 0.069
0.850 0.453 0.392 0.089
0.689 0.612 0.778 0.663
0.802 0.671 0.705 0.672
0.093 0.771 0.696 0.214
0.768 0.306 0.016 0.639
0.841 0.545 0.449 0.344
0.376 0.009 0.769 0.477
0.016 0.033 0.698 0.197
0.806 0.401 0.616 0.663
0.864 0.470 0.818 0.399
0.917 0.688 0.587 0.182
0.235 0.905 0.875 0.139
0.004 0.398 0.867 0.169
0.650 0.998 0.214 0.379
0.173 0.244 0.208 0.678
0.990 0.950 0.691 0.181
0.349 0.114 0.968 0.583
0.817 0.553 0.517 0.168
