0.272 0.010 0.526 0.436
0.893 0.778 0.416 0.947
0.543 0.113 0.037 0.749
0.522 0.895 0.926 0.197
0.365 0.205 0.278 0.899
0.174 0.466 0.141 0.254
0.623 0.544 0.748 0.583
0.184 0.202 0.761 0.522
0.591 0.837 0.717 0.810
0.081 0.869 0.446 0.150
0.441 0.732 0.760 0.292
0.397 0.837 0.166 0.984
0.368 0.431 0.920 0.969
0.116 0.759 0.169 0.656
0.343 0.425 0.490 0.652
0.733 0.369 0.584 0.785
0.498 0.360 0.426 0.790
0.949 0.411 0.640 0.311
0.122 0.026 0.382 0.367
0.989 0.685 0.516 0.954
0.295 0.468 0.365 0.921
0.540 0.228 0.810 0.794
0.141 0.224 0.027 0.688
0.318 0.610 0.642 0.978
0.707 0.692 0.574 0.873
0.263 0.363 0.372 0.554
0.464 0.614 0.297 0.041
0.350 0.532 0.951 0.425
0.440 0.692 0.734 0.641
0.036 0.347 0.891 0.432
0.973 0.325 0.458 0.649
0.320 0.030 0.864 0.564
0.087 0.473 0.485 0.335
0.441 0.714 0.924 0.286
0.499 0.644 0.306 0.160
0.190 0.498 0.356 0.997
0.249 0.011 0.555 0.797
0.853 0.623 0.148 0.616
0.948 0.643 0.286 0.271
0.777 0.769 0.087 0.282
0.663 0.877 0.888 0.233
0.561 0.485 0.483 0.192
0.419 0.799 0.618 0.352
0.875 0.739 0.520 0.554
0.326 0.863 0.762 0.836
0.896 0.590 0.221 0.674
0.336 0.625 0.422 0.073
0.382 0.995 0.052 0.156
0.618 0.608 0.921 0.408
0.355 0.729 0.144 0.241
0.568 0.290 0.844 0.028
0.425 0.438 0.137 0.259
0.431 0.219 0.695 0.988
0.726 0.818 0.657 0.214
0.559 0.248 0.182 0.357
0.485 0.909 0.410 0.490
0.290 0.901 0.127 0.479
0.212 0.527 0.907 0.682
0.449 0.861 0.006 0.376
0.519 0.812 0.811 0.556
0.481 0.580 0.100 0.266
0.559 0.904 0.910 0.126
0.200 0.022 0.289 0.201
0.091 0.742 0.714 0.868
0.173 0.525 0.457 0.848
0.177 0.995 0.677 0.046
0.721 0.786 0.528 0.370
0.492 0.108 0.048 0.170
0.547 0.978 0.130 0.459
0.269 0.478 0.339 0.582
0.994 0.987 0.872 0.471
0.865 0.758 0.426 0.158
0.918 0.776 0.264 0.697
0.952 0.279 0.269 0.144
0.198 0.871 0.244 0.763
0.333 0.605 0.264 0.110
0.860 0.976 0.343 0.143
0.385 0.203 0.210 0.033
0.834 0.714 0.468 0.808
0.123 0.250 0.913 0.507
0.331 0.484 0.312 0.992
0.893 0.556 0.401 0.069
0.850 0.453 0.392 0.089
0.689 0.612 0.778 0.663
0.802 0.671 0.705 0.672
0.093 0.771 0.696 0.214
0.768 0.306 0.016 0.639
0.841 0.545 0.449 0.344
0.376 0.009 0.769 0.477
0.016 0.033 0.698 0.197
0.806 0.401 0.616 0.663
0.864 0.470 0.818 0.399
0.917 0.688 0.587 0.182
0.235 0.905 0.875 0.139
0.004 0.398 0.867 0.169
0.650 0.998 0.214 0.379
0.173 0.244 0.208 0.678
0.990 0.950 0.691 0.181
0.349 0.114 0.968 0.583
0.817 0.553 0.517 0.168
0.901 0.184 0.767 0.590
0.310 0.361 0.730 0.105
0.901 0.153 0.772 0.386
0.837 0.998 0.294 0.604
0.996 0.611 0.611 0.905
0.142 0.579 0.819 0.959
0.918 0.524 0.905 0.727
0.163 0.262 0.914 0.104
0.609 0.849 0.428 0.595
0.472 0.925 0.154 0.688
0.978 0.270 0.894 0.059
0.347 0.964 0.681 0.291
0.278 0.066 0.365 0.245
0.454 0.221 0.425 0.750
0.109 0.092 0.290 0.754
0.173 0.034 0.954 0.618
0.049 0.902 0.161 0.676
0.532 0.415 0.943 0.748
0.909 0.976 0.798 0.738
0.778 0.346 0.275 0.994
0.606 0.092 0.263 0.570
0.566 0.209 0.761 0.051
0.674 0.813 0.394 0.105
0.776 0.334 0.490 0.407
0.390 0.094 0.961 0.095
0.957 0.679 0.801 0.424
0.524 0.029 0.457 0.754
0.387 0.626 0.879 0.549
0.726 0.708 0.505 0.530
0.772 0.907 0.981 0.645
0.523 0.209 0.892 0.002
0.557 0.660 0.279 0.444
0.952 0.708 0.232 0.893
0.869 0.599 0.337 0.137
0.810 0.720 0.251 0.219
0.086 0.317 0.206 0.072
0.538 0.462 0.695 0.560
0.023 0.712 0.149 0.591
0.719 0.338 0.866 0.448
0.754 0.540 0.986 0.989
0.214 0.558 0.783 0.894
0.049 0.084 0.067 0.590
0.909 0.872 0.965 0.029
0.444 0.963 0.873 0.960
0.098 0.432 0.847 0.872
0.929 0.051 0.234 0.235
0.484 0.787 0.805 0.227
0.266 0.534 0.180 0.579
0.813 0.989 0.827 0.703
0.933 0.078 0.413 0.767
0.121 0.835 0.791 0.857
0.686 0.140 0.403 0.893
0.620 0.230 0.377 0.462
0.751 0.382 0.111 0.199
0.195 0.674 0.604 0.905
0.646 0.232 0.340 0.033
0.539 0.876 0.988 0.706
0.613 0.555 0.704 0.932
0.902 0.495 0.326 0.159
0.692 0.453 0.226 0.831
0.473 0.996 0.112 0.107
0.412 0.194 0.562 0.389
0.385 0.648 0.564 0.829
0.101 0.258 0.849 0.452
0.339 0.628 0.292 0.070
0.836 0.520 0.174 0.632
0.861 0.266 0.575 0.175
0.001 0.543 0.679 0.015
0.184 0.406 0.281 0.364
0.486 0.008 0.274 0.993
0.744 0.891 0.392 0.128
0.499 0.265 0.994 0.219
0.317 0.183 0.173 0.743
0.007 0.009 0.965 0.694
0.768 0.096 0.948 0.921
0.805 0.076 0.004 0.968
0.433 0.661 0.521 0.573
0.207 0.376 0.842 0.477
0.118 0.115 0.202 0.710
0.360 0.938 0.973 0.997
0.734 0.011 0.471 0.456
0.187 0.089 0.122 0.226
0.547 0.462 0.262 0.199
0.955 0.754 0.349 0.495
0.058 0.499 0.877 0.855
0.464 0.881 0.765 0.592
0.509 0.562 0.513 0.266
0.863 0.992 0.886 0.730
0.005 0.113 0.433 0.719
0.094 0.861 0.600 0.619
0.277 0.373 0.740 0.589
0.957 0.309 0.770 0.679
0.056 0.186 0.796 0.110
0.801 0.138 0.451 0.368
0.075 0.009 0.252 0.269
0.842 0.176 0.742 0.645
0.703 0.022 0.711 0.825
0.100 0.453 0.259 0.544
0.196 0.369 0.010 0.454
0.973 0.504 0.227 0.888
0.575 0.520 0.135 0.022
0.421 0.793 0.211 0.117
0.132 0.760 0.750 0.970
0.787 0.267 0.456 0.247
0.557 0.801 0.363 0.846
0.235 0.027 0.863 0.952
0.696 0.522 0.108 0.939
0.821 0.131 0.589 0.769
0.923 0.831 0.155 0.054
0.180 0.523 0.265 0.431
0.149 0.653 0.747 0.406
0.845 0.076 0.847 0.327
0.452 0.046 0.857 0.638
0.185 0.776 0.086 0.078
0.326 0.435 0.477 0.967
0.977 0.018 0.629 0.251
0.562 0.979 0.526 0.453
0.594 0.035 0.739 0.185
0.756 0.057 0.386 0.391
0.819 0.443 0.642 0.952
0.429 0.883 0.061 0.837
0.292 0.924 0.505 0.437
0.791 0.242 0.963 0.246
0.572 0.021 0.026 0.545
0.113 0.356 0.321 0.244
0.831 0.069 0.662 0.535
0.734 0.870 0.220 0.523
0.168 0.241 0.476 0.475
0.686 0.968 0.255 0.860
0.554 0.725 0.606 0.824
0.954 0.607 0.821 0.262
0.393 0.028 0.368 0.142
0.351 0.885 0.022 0.235
0.719 0.397 0.975 0.917
0.023 0.524 0.205 0.179
0.008 0.373 0.886 0.526
0.576 0.491 0.121 0.905
0.625 0.467 0.778 0.318
0.832 0.728 0.711 0.285
0.883 0.957 0.145 0.814
0.208 0.020 0.514 0.017
0.739 0.819 0.519 0.049
0.720 0.982 0.704 0.519
0.111 0.775 0.318 0.021
0.609 0.172 0.750 0.953
0.817 0.466 0.320 0.276
0.599 0.332 0.700 0.365
0.142 0.760 0.758 0.616
0.772 0.747 0.092 0.958
0.032 0.170 0.046 0.931
0.077 0.735 0.489 0.484
0.904 0.411 0.125 0.152
0.452 0.262 0.639 0.763
0.096 0.072 0.434 0.339
0.585 0.679 0.261 0.333
0.928 0.418 0.511 0.883
0.287 0.583 0.454 0.211
0.391 0.314 0.212 0.842
0.501 0.810 0.734 0.795
0.472 0.281 0.564 0.396
0.927 0.544 0.689 0.879
0.087 0.665 0.230 0.427
0.277 0.558 0.273 0.801
0.651 0.943 0.615 0.231
0.154 0.576 0.707 0.708
0.269 0.147 0.581 0.346
0.559 0.761 0.021 0.956
0.555 0.411 0.800 0.510
0.013 0.331 0.211 0.624
0.067 0.656 0.725 0.744
0.318 0.291 0.021 0.164
0.380 0.381 0.187 0.558
0.931 0.305 0.363 0.164
0.774 0.595 0.619 0.284
0.970 0.677 0.341 0.251
0.550 0.863 0.902 0.532
0.845 0.468 0.918 0.103
0.974 0.488 0.839 0.772
0.506 0.732 0.198 0.596
0.841 0.807 0.252 0.043
0.329 0.882 0.339 0.074
0.668 0.616 0.704 0.781
0.612 0.176 0.086 0.746
0.510 0.727 0.849 0.782
0.714 0.331 0.932 0.201
0.399 0.635 0.402 0.277
0.798 0.263 0.900 0.053
0.414 0.326 0.739 0.146
0.218 0.946 0.961 0.715
0.373 0.201 0.117 0.243
0.519 0.406 0.059 0.288
0.143 0.125 0.523 0.861
0.068 0.828 0.781 0.586
0.590 0.601 0.149 0.305
0.304 0.800 0.633 0.274
0.137 0.078 0.485 0.608
0.624 0.673 0.958 0.144
0.964 0.371 0.044 0.357
0.880 0.050 0.467 0.505
0.817 0.210 0.713 0.650
0.510 0.398 0.398 0.706
0.452 0.924 0.719 0.184
0.293 0.791 0.306 0.777
0.704 0.232 0.231 0.453
0.730 0.766 0.468 0.200
0.175 0.176 0.582 0.089
0.041 0.318 0.922 0.807
0.551 0.169 0.115 0.314
0.800 0.010 0.124 0.791
0.546 0.170 0.660 0.521
0.189 0.211 0.236 0.862
0.464 0.987 0.627 0.984
0.872 0.461 0.034 0.505
0.394 0.701 0.728 0.691
0.504 0.956 0.445 0.383
0.025 0.216 0.331 0.296
0.856 0.167 0.705 0.853
0.089 0.939 0.426 0.206
0.572 0.572 0.146 0.610
0.423 0.576 0.227 0.787
0.546 0.524 0.606 0.459
0.666 0.059 0.391 0.691
0.927 0.237 0.462 0.206
0.573 0.600 0.869 0.323
0.748 0.899 0.294 0.682
0.954 0.861 0.376 0.412
0.178 0.912 0.166 0.884
0.244 0.261 0.493 0.727
0.402 0.254 0.539 0.245
0.694 0.397 0.382 0.903
0.127 0.967 0.805 0.030
0.184 0.598 0.142 0.401
0.707 0.771 0.449 0.854
0.670 0.597 0.776 0.590
0.900 0.804 0.830 0.328
0.245 0.337 0.792 0.953
0.247 0.480 0.595 0.828
0.833 0.892 0.421 0.418
0.072 0.483 0.713 0.388
0.506 0.521 0.472 0.819
0.116 0.879 0.135 0.722
0.424 0.840 0.799 0.474
0.788 0.350 0.080 0.367
0.402 0.129 0.397 0.893
0.044 0.563 0.942 0.952
0.100 0.752 0.133 0.612
0.891 0.655 0.830 0.596
0.842 0.709 0.086 0.147
0.518 0.847 0.725 0.422
0.058 0.314 0.521 0.079
0.046 0.184 0.264 0.206
0.344 0.994 0.490 0.258
0.912 0.394 0.156 0.145
0.162 0.216 0.050 0.139
0.867 0.880 0.208 0.752
0.151 0.535 0.116 0.235
0.609 0.834 0.995 0.872
0.069 0.773 0.929 0.701
0.037 0.471 0.137 0.835
0.361 0.320 0.155 0.040
0.127 0.396 0.215 0.715
0.348 0.555 0.609 0.937
0.440 0.091 0.303 0.732
0.048 0.402 0.602 0.215
0.244 0.529 0.129 0.771
0.612 0.005 0.913 0.917
0.278 0.909 0.859 0.020
0.394 0.525 0.385 0.510
0.122 0.525 0.509 0.749
0.640 0.071 0.154 0.224
0.205 0.750 0.980 0.198
0.806 0.746 0.489 0.502
0.433 0.150 0.717 0.597
0.499 0.827 0.269 0.586
0.443 0.724 0.995 0.313
0.045 0.061 0.080 0.223
0.484 0.265 0.829 0.120
0.676 0.097 0.936 0.498
0.915 0.850 0.508 0.589
0.351 0.032 0.630 0.788
0.341 0.451 0.756 0.612
0.196 0.087 0.702 0.848
0.363 0.677 0.520 0.045
0.568 0.409 0.043 0.014
0.957 0.634 0.375 0.478
0.752 0.999 0.111 0.541
0.478 0.915 0.562 0.127
0.269 0.758 0.781 0.051
0.292 0.712 0.649 0.859
0.826 0.666 0.822 0.124
0.024 0.056 0.813 0.329
0.878 0.082 0.987 0.000
0.442 0.179 0.753 0.256
0.819 0.171 0.741 0.413
0.959 0.002 0.226 0.816
0.800 0.452 0.608 0.546
0.763 0.748 0.203 0.160
0.169 0.475 0.143 0.116
0.568 0.684 0.658 0.057
0.541 0.624 0.528 0.578
0.996 0.980 0.976 0.669
0.485 0.040 0.796 0.459
0.580 0.697 0.988 0.440
0.840 0.673 0.682 0.814
0.391 0.904 0.635 0.120
0.661 0.457 0.088 0.809
0.296 0.914 0.248 0.905
0.784 0.611 0.190 0.427
0.833 0.647 0.460 0.711
0.013 0.066 0.151 0.302
0.716 0.119 0.743 0.565
0.942 0.014 0.478 0.672
0.966 0.056 0.565 0.126
0.394 0.586 0.986 0.466
0.662 0.629 0.180 0.330
0.487 0.649 0.403 0.508
0.321 0.323 0.031 0.160
0.325 0.737 0.588 0.848
0.902 0.918 0.791 0.537
0.317 0.097 0.380 0.223
0.436 0.611 0.022 0.344
0.116 0.867 0.071 0.635
0.277 0.245 0.458 0.569
0.187 0.377 0.504 0.061
0.986 0.679 0.919 0.573
0.996 0.574 0.794 0.284
0.827 0.275 0.840 0.485
0.828 0.574 0.677 0.847
0.904 0.508 0.438 0.724
0.232 0.335 0.484 0.142
0.911 0.708 0.494 0.641
0.078 0.462 0.734 0.610
0.510 0.922 0.761 0.289
0.258 0.129 0.362 0.077
0.337 0.902 0.003 0.318
0.999 0.131 0.565 0.209
0.631 0.217 0.655 0.994
0.802 0.060 0.271 0.096
0.486 0.496 0.103 0.345
0.010 0.607 0.243 0.959
0.731 0.786 0.601 0.429
0.002 0.986 0.795 0.977
0.435 0.041 0.801 0.727
0.007 0.484 0.146 0.253
0.033 0.740 0.918 0.667
0.543 0.139 0.387 0.888
0.083 0.619 0.508 0.264
0.489 0.542 0.085 0.192
0.644 0.538 0.887 0.894
0.772 0.758 0.497 0.015
0.278 0.469 0.159 0.183
0.685 0.380 0.427 0.204
0.682 0.608 0.880 0.033
0.829 0.704 0.692 0.187
0.939 0.616 0.339 0.760
0.677 0.031 0.221 0.676
0.399 0.976 0.477 0.367
0.769 0.092 0.782 0.502
0.183 0.490 0.410 0.941
0.526 0.597 0.323 0.571
0.308 0.886 0.599 0.167
0.690 0.914 0.950 0.947
0.447 0.558 0.632 0.975
0.394 0.868 0.520 0.059
0.304 0.430 0.630 0.313
0.852 0.665 0.869 0.031
0.618 0.943 0.291 0.034
0.674 0.946 0.655 0.141
0.794 0.169 0.542 0.923
0.810 0.964 0.834 0.402
0.155 0.050 0.826 0.837
0.113 0.877 0.754 0.270
0.820 0.760 0.017 0.976
0.534 0.184 0.883 0.477
0.212 0.194 0.949 0.278
0.935 0.268 0.149 0.983
0.183 0.582 0.579 0.937
0.533 0.076 0.922 0.065
0.769 0.224 0.772 0.050
0.966 0.917 0.604 0.519
0.569 0.358 0.711 0.383
0.985 0.390 0.855 0.994
0.749 0.145 0.933 0.270
0.765 0.435 0.439 0.449
0.672 0.783 0.987 0.627
0.856 0.506 0.700 0.734
0.150 0.746 0.722 0.103
0.741 0.874 0.656 0.298
0.324 0.147 0.193 0.343
0.031 0.053 0.723 0.021
0.167 0.226 0.201 0.388
0.282 0.350 0.063 0.171
0.614 0.961 0.452 0.191
0.434 0.540 0.557 0.485
0.317 0.813 0.337 0.264
0.880 0.668 0.401 0.378
0.018 0.582 0.350 0.444
0.156 0.975 0.331 0.274
0.563 0.398 0.117 0.792
0.257 0.948 0.468 0.061
0.521 0.836 0.062 0.609
0.578 0.496 0.791 0.678
0.443 0.152 0.684 0.583
0.485 0.250 0.240 0.815
0.740 0.647 0.475 0.056
0.498 0.990 0.430 0.753
0.189 0.156 0.451 0.421
0.117 0.196 0.004 0.316
0.057 0.659 0.314 0.641
0.255 0.723 0.606 0.951
0.858 0.023 0.235 0.891
0.310 0.600 0.477 0.943
0.734 0.861 0.267 0.331
0.853 0.961 0.675 0.739
0.453 0.524 0.378 0.999
0.947 0.090 0.931 0.409
0.045 0.213 0.111 0.830
0.088 0.600 0.111 0.227
0.050 0.215 0.871 0.802
0.768 0.733 0.322 0.379
0.400 0.271 0.833 0.203
0.671 0.786 0.631 0.794
0.921 0.059 0.481 0.029
0.488 0.660 0.412 0.099
0.465 0.811 0.761 0.500
0.356 0.540 0.321 0.708
0.661 0.051 0.875 0.708
0.928 0.692 0.894 0.021
0.295 0.456 0.684 0.385
0.061 0.389 0.764 0.759
0.313 0.846 0.747 0.794
0.136 0.965 0.518 0.424
0.451 0.298 0.980 0.755
0.996 0.985 0.160 0.877
0.490 0.382 0.941 0.786
0.514 0.553 0.216 0.047
0.132 0.526 0.739 0.372
0.786 0.731 0.452 0.761
0.505 0.505 0.573 0.360
0.944 0.095 0.226 0.704
0.295 0.050 0.889 0.481
0.599 0.408 0.455 0.500
0.493 0.594 0.165 0.991
0.909 0.422 0.218 0.917
0.781 0.125 0.322 0.441
0.267 0.800 0.975 0.203
0.533 0.185 0.759 0.575
0.622 0.175 0.418 0.538
0.443 0.976 0.016 0.346
0.414 0.316 0.941 0.622
0.780 0.600 0.052 0.060
0.148 0.437 0.736 0.374
0.267 0.425 0.163 0.650
0.580 0.617 0.522 0.774
0.585 0.568 0.513 0.066
0.534 0.356 0.885 0.810
0.500 0.513 0.294 0.797
0.346 0.244 0.258 0.570
0.621 0.849 0.512 0.513
0.927 0.768 0.513 0.440
0.773 0.129 0.400 0.839
0.458 0.235 0.185 0.440
0.007 0.864 0.447 0.244
0.703 0.824 0.322 0.683
0.226 0.632 0.063 0.065
0.954 0.759 0.955 0.954
0.438 0.317 0.863 0.650
0.594 0.614 0.197 0.418
0.636 0.475 0.576 0.627
0.289 0.736 0.966 0.451
0.302 0.819 0.582 0.298
0.807 0.794 0.330 0.601
0.537 0.834 0.070 0.161
0.457 0.461 0.484 0.663
0.812 0.514 0.826 0.552
0.155 0.208 0.343 0.894
0.350 0.228 0.640 0.416
0.119 0.234 0.770 0.339
0.128 0.706 0.343 0.200
0.179 0.515 0.418 0.290
0.506 0.150 0.468 0.876
0.727 0.980 0.205 0.869
0.481 0.480 0.531 0.081
0.274 0.813 0.413 0.735
0.567 0.687 0.948 0.388
0.649 0.877 0.411 0.914
0.300 0.331 0.564 0.704
0.811 0.265 0.999 0.757
0.360 0.146 0.814 0.785
0.294 0.978 0.383 0.024
0.336 0.786 0.514 0.881
0.268 0.723 0.774 0.088
0.094 0.681 0.262 0.509
0.236 0.840 0.608 0.269
0.788 0.031 0.481 0.345
0.349 0.353 0.395 0.290
0.487 0.916 0.076 0.242
0.343 0.146 0.192 0.861
0.427 0.536 0.716 0.378
0.112 0.262 0.699 0.382
0.892 0.571 0.751 0.524
0.896 0.332 0.986 0.779
0.720 0.676 0.742 0.437
0.096 0.121 0.832 0.460
0.425 0.087 0.622 0.383
0.718 0.209 0.709 0.395
0.958 0.362 0.484 0.777
0.439 0.789 0.369 0.327
0.083 0.249 0.988 0.958
0.297 0.592 0.075 0.100
0.379 0.664 0.395 0.078
0.011 0.941 0.444 0.116
0.874 0.814 0.232 0.125
0.915 0.922 0.918 0.924
0.293 0.432 0.574 0.067
0.534 0.690 0.870 0.915
0.941 0.137 0.954 0.120
0.767 0.892 0.315 0.167
0.206 0.926 0.899 0.146
0.710 0.216 0.269 0.392
0.686 0.789 0.089 0.167
0.090 0.071 0.712 0.022
0.948 0.440 0.146 0.015
0.342 0.386 0.193 0.419
0.898 0.190 0.037 0.099
0.288 0.533 0.049 0.200
0.795 0.925 0.117 0.300
0.464 0.382 0.253 0.700
0.873 0.229 0.784 0.988
0.054 0.474 0.886 0.551
0.597 0.616 0.765 0.173
0.462 0.325 0.239 0.392
0.543 0.893 0.029 0.766
0.499 0.848 0.527 0.697
0.899 0.654 0.319 0.981
0.201 0.904 0.248 0.734
0.599 0.888 0.311 0.850
0.273 0.980 0.145 0.649
0.071 0.717 0.406 0.870
0.151 0.991 0.811 0.669
0.619 0.264 0.130 0.771
0.695 0.202 0.907 0.438
0.427 0.638 0.180 0.411
0.507 0.279 0.012 0.471
0.188 0.046 0.075 0.795
0.871 0.469 0.098 0.738
0.356 0.035 0.446 0.221
0.320 0.896 0.621 0.368
0.028 0.851 0.947 0.549
0.827 0.991 0.249 0.487
0.444 0.932 0.784 0.593
0.620 0.037 0.210 0.168
0.119 0.518 0.884 0.646
0.627 0.852 0.260 0.519
0.596 0.390 0.673 0.118
0.539 0.585 0.286 0.886
0.826 0.733 0.489 0.312
0.503 0.641 0.524 0.185
0.169 0.124 0.618 0.312
0.438 0.737 0.411 0.364
0.025 0.649 0.953 0.008
0.977 0.072 0.054 0.978
0.089 0.136 0.277 0.237
0.033 0.631 0.330 0.901
0.227 0.520 0.177 0.056
0.988 0.611 0.607 0.157
0.981 0.332 0.578 0.133
0.515 0.970 0.093 0.876
0.700 0.315 0.903 0.267
0.014 0.103 0.809 0.377
0.291 0.156 0.855 0.034
0.681 0.644 0.183 0.374
0.599 0.354 0.834 0.559
0.200 0.391 0.279 0.309
0.413 0.206 0.965 0.403
0.058 0.359 0.639 0.808
0.089 0.924 0.762 0.590
0.484 0.949 0.758 0.265
0.813 0.866 0.414 0.747
0.023 0.259 0.182 0.547
0.469 0.909 0.691 0.377
0.718 0.501 0.229 0.826
0.154 0.927 0.485 0.250
0.934 0.556 0.338 0.540
0.298 0.413 0.964 0.925
0.794 0.648 0.043 0.467
0.423 0.213 0.361 0.394
0.251 0.147 0.568 0.941
0.519 0.388 0.385 0.850
0.773 0.493 0.049 0.178
0.051 0.206 0.252 0.584
0.664 0.247 0.386 0.736
0.585 0.254 0.349 0.003
0.003 0.267 0.711 0.093
0.044 0.673 0.516 0.775
0.215 0.009 0.490 0.362
0.586 0.528 0.960 0.098
0.253 0.951 0.240 0.114
0.106 0.288 0.787 0.096
0.426 0.149 0.884 0.340
0.368 0.447 0.162 0.335
0.830 0.905 0.715 0.533
0.759 0.257 0.099 0.472
0.421 0.574 0.003 0.894
0.665 0.595 0.864 0.024
0.706 0.489 0.210 0.663
0.476 0.947 0.014 0.257
0.054 0.007 0.840 0.579
0.218 0.525 0.058 0.212
0.646 0.691 0.915 0.458
0.802 0.505 0.741 0.848
0.032 0.608 0.069 0.904
0.906 0.387 0.953 0.308
0.331 0.752 0.269 0.139
0.478 0.488 0.267 0.320
0.040 0.601 0.169 0.959
0.865 0.551 0.095 0.708
0.482 0.788 0.077 0.820
0.567 0.487 0.477 0.045
0.867 0.903 0.554 0.039
0.617 0.234 0.490 0.417
0.987 0.418 0.639 0.133
0.581 0.750 0.283 0.320
0.530 0.741 0.692 0.269
0.193 0.122 0.737 0.678
0.023 0.388 0.873 0.852
0.603 0.807 0.748 0.990
0.399 0.285 0.233 0.229
0.260 0.996 0.143 0.595
0.186 0.195 0.442 0.520
0.414 0.099 0.209 0.073
0.326 0.267 0.135 0.578
0.244 0.361 0.856 0.758
0.612 0.714 0.880 0.070
0.615 0.599 0.403 0.388
0.761 0.611 0.785 0.683
0.455 0.066 0.986 0.869
0.101 0.822 0.713 0.455
0.758 0.437 0.594 0.175
0.888 0.053 0.131 0.238
0.215 0.928 0.730 0.365
0.246 0.023 0.585 0.270
0.465 0.528 0.695 0.726
0.740 0.769 0.797 0.893
0.978 0.365 0.499 0.046
0.557 0.071 0.387 0.376
0.555 0.194 0.396 0.005
0.331 0.001 0.219 0.879
0.460 0.011 0.042 0.698
0.581 0.599 0.377 0.529
0.171 0.791 0.285 0.275
0.778 0.678 0.761 0.632
0.760 0.349 0.570 0.716
0.036 0.743 0.309 0.001
0.900 0.332 0.978 0.722
0.427 0.046 0.845 0.416
0.489 0.330 0.883 0.735
0.927 0.762 0.554 0.206
0.906 0.115 0.240 0.083
0.977 0.288 0.076 0.953
0.890 0.003 0.492 0.250
0.678 0.671 0.229 0.328
0.046 0.345 0.111 0.267
0.605 0.154 0.362 0.044
0.968 0.136 0.749 0.240
0.251 0.859 0.319 0.941
0.001 0.760 0.032 0.983
0.092 0.582 0.046 0.193
0.612 0.844 0.965 0.798
0.277 0.720 0.804 0.638
0.400 0.256 0.969 0.362
0.948 0.324 0.026 0.237
0.720 0.212 0.542 0.752
0.176 0.272 0.782 0.655
0.943 0.515 0.540 0.586
0.535 0.572 0.883 0.967
0.327 0.920 0.094 0.293
0.286 0.786 0.597 0.493
0.527 0.623 0.137 0.510
0.196 0.582 0.003 0.754
0.724 0.871 0.572 0.597
0.983 0.411 0.959 0.550
0.374 0.702 0.051 0.287
0.376 0.302 0.704 0.173
0.590 0.811 0.390 0.450
0.811 0.796 0.076 0.736
0.149 0.532 0.601 0.994
0.747 0.990 0.362 0.631
0.114 0.958 0.553 0.878
0.606 0.718 0.772 0.109
0.093 0.175 0.256 0.260
0.338 0.847 0.533 0.990
0.117 0.626 0.774 0.765
0.617 0.707 0.616 0.492
0.143 0.602 0.758 0.882
0.654 0.638 0.081 0.190
0.182 0.850 0.606 0.482
0.638 0.669 0.048 0.099
0.056 0.317 0.252 0.461
0.804 0.316 0.300 0.878
0.776 0.009 0.567 0.513
0.124 0.510 0.500 0.165
0.541 0.982 0.407 0.020
0.625 0.648 0.042 0.031
0.375 0.454 0.261 0.076
0.327 0.767 0.524 0.565
0.375 0.043 0.543 0.630
0.810 0.844 0.841 0.579
0.592 0.131 0.503 0.753
0.409 0.225 0.915 0.442
0.534 0.353 0.756 0.036
0.027 0.175 0.036 0.035
0.297 0.208 0.449 0.109
0.577 0.550 0.839 0.834
0.317 0.800 0.041 0.283
0.050 0.602 0.898 0.115
0.748 0.698 0.717 0.323
0.203 0.905 0.954 0.292
0.468 0.928 0.419 0.339
0.880 0.402 0.757 0.367
0.709 0.083 0.512 0.809
0.950 0.584 0.540 0.515
0.306 0.565 0.062 0.722
0.874 0.790 0.121 0.791
0.581 0.944 0.752 0.844
0.896 0.632 0.619 0.964
0.845 0.449 0.416 0.121
0.864 0.546 0.807 0.470
0.525 0.581 0.195 0.189
0.662 0.470 0.082 0.497
0.922 0.849 0.328 0.027
0.287 0.640 0.064 0.191
0.587 0.638 0.559 0.718
0.534 0.521 0.816 0.988
0.323 0.192 0.172 0.352
0.311 0.855 0.695 0.071
0.820 0.732 0.651 0.040
0.587 0.836 0.824 0.953
0.903 0.690 0.969 0.061
0.954 0.414 0.188 0.183
0.415 0.076 0.492 0.128
0.816 0.718 0.356 0.176
0.717 0.962 0.519 0.787
0.213 0.606 0.834 0.177
0.821 0.102 0.440 0.937
0.255 0.345 0.031 0.334
0.141 0.661 0.520 0.467
0.191 0.407 0.860 0.912
0.872 0.088 0.315 0.037
0.102 0.399 0.961 0.622
0.998 0.097 0.697 0.960
0.217 0.110 0.546 0.076
0.914 0.784 0.525 0.232
0.850 0.688 0.876 0.375
0.684 0.864 0.924 0.672
0.974 0.944 0.355 0.810
0.923 0.035 0.194 0.191
0.405 0.773 0.253 0.698
0.293 0.465 0.350 0.186
0.624 0.707 0.057 0.337
0.639 0.406 0.279 0.064
0.216 0.591 0.437 0.089
0.739 0.934 0.527 0.881
0.934 0.383 0.852 0.586
0.685 0.809 0.705 0.116
0.395 0.080 0.767 0.062
0.886 0.465 0.529 0.562
0.396 0.771 0.500 0.812
0.695 0.125 0.480 0.348
0.850 0.807 0.699 0.773
0.667 0.035 0.084 0.082
0.358 0.110 0.438 0.230
0.436 0.832 0.828 0.121
0.399 0.590 0.937 0.649
0.216 0.029 0.692 0.967
0.146 0.704 0.914 0.633
0.935 0.629 0.310 0.784
0.906 0.124 0.553 0.005
0.986 0.864 0.755 0.043
0.190 0.545 0.105 0.017
0.606 0.059 0.950 0.295
0.399 0.606 0.110 0.678
0.879 0.618 0.701 0.060
0.147 0.941 0.245 0.212
0.369 0.138 0.360 0.850
0.197 0.359 0.795 0.643
0.370 0.650 0.107 0.315
0.030 0.139 0.751 0.500
0.783 0.977 0.864 0.507
0.035 0.459 0.535 0.647
0.628 0.227 0.827 0.281
0.327 0.949 0.345 0.245
0.164 0.405 0.626 0.809
0.188 0.360 0.129 0.827
0.648 0.150 0.113 0.229
0.133 0.372 0.182 0.514
0.713 0.600 0.771 0.410
0.600 0.516 0.368 0.338
0.371 0.379 0.745 0.853
0.270 0.224 0.972 0.707
0.642 0.710 0.511 0.702
0.004 0.009 0.165 0.978
0.808 0.656 0.152 0.897
0.413 0.759 0.108 0.176
0.296 0.478 0.274 0.437
0.048 0.172 0.673 0.813
0.172 0.131 0.539 0.778
0.216 0.296 0.790 0.855
0.281 0.868 0.824 0.353
0.423 0.216 0.418 0.799
0.993 0.988 0.010 0.213
0.437 0.844 0.148 0.883
0.588 0.690 0.388 0.801
0.985 0.853 0.418 0.413
0.253 0.069 0.696 0.842
0.063 0.724 0.370 0.228
0.717 0.225 0.780 0.366
0.881 0.923 0.312 0.273
0.502 0.500 0.878 0.853
0.431 0.201 0.824 0.314
0.803 0.847 0.529 0.497
0.675 0.018 0.479 0.764
0.990 0.313 0.111 0.609
0.362 0.100 0.188 0.645
0.741 0.655 0.000 0.128
0.471 0.106 0.173 0.665
0.789 0.076 0.353 0.272
0.276 0.437 0.567 0.430
0.310 0.090 0.522 0.303
0.039 0.157 0.637 0.771
0.918 0.512 0.086 0.427
0.324 0.044 0.627 0.207
0.300 0.566 0.512 0.806
0.941 0.769 0.237 0.521
0.467 0.130 0.441 0.708
0.509 0.191 0.714 0.471
0.635 0.093 0.598 0.777
0.653 0.790 0.580 0.621
0.725 0.846 0.327 0.424
0.814 0.212 0.978 0.297
0.498 0.898 0.749 0.347
0.694 0.948 0.644 0.669
0.303 0.610 0.551 0.180
0.324 0.131 0.505 0.962
0.459 0.059 0.394 0.257
0.750 0.469 0.901 0.782
0.259 0.029 0.948 0.509
0.353 0.288 0.435 0.577
0.596 0.120 0.552 0.483
0.793 0.710 0.442 0.217
0.222 0.993 0.501 0.488
0.570 0.959 0.090 0.705
0.622 0.725 0.953 0.864
0.218 0.778 0.102 0.002
0.520 0.302 0.469 0.373
0.120 0.987 0.100 0.992
0.009 0.234 0.167 0.724
0.954 0.156 0.584 0.556
0.303 0.288 0.512 0.214
0.754 0.405 0.525 0.786
0.116 0.357 0.725 0.499
0.602 0.331 0.588 0.314
0.668 0.442 0.816 0.488
0.949 0.058 0.982 0.768
0.311 0.772 0.247 0.362
0.551 0.415 0.930 0.355
0.784 0.036 0.215 0.719
0.038 0.233 0.770 0.571
0.094 0.753 0.565 0.845
0.105 0.773 0.672 0.027
0.017 0.753 0.321 0.107
0.330 0.279 0.994 0.411
0.229 0.797 0.850 0.470
0.612 0.648 0.246 0.569
0.057 0.308 0.645 0.148
0.240 0.236 0.692 0.708
0.861 0.243 0.735 0.367
0.584 0.783 0.574 0.736
0.038 0.074 0.723 0.264
0.410 0.459 0.957 0.712
0.648 0.904 0.442 0.904
0.824 0.048 0.202 0.429
0.670 0.707 0.242 0.426
0.836 0.241 0.065 0.126
0.881 0.688 0.904 0.310
0.552 0.067 0.419 0.315
0.359 0.772 0.166 0.776
0.992 0.440 0.599 0.738
0.611 0.221 0.893 0.300
0.529 0.839 0.379 0.452
0.331 0.367 0.856 0.258
0.956 0.104 0.570 0.036
0.774 0.478 0.145 0.700
0.180 0.366 0.237 0.919
0.762 0.747 0.202 0.239
0.535 0.094 0.551 0.841
0.314 0.404 0.482 0.074
0.725 0.276 0.261 0.433
0.899 0.953 0.740 0.133
0.389 0.713 0.792 0.928
